0.312243	0.58034	5.19994	0	0.312243	0.58034	0.6	0.6	5.19994	0
0.77318	0.587491	5.1097	1.22883	0.862916	0.534212	0.859997	0.600045	5.19975	0.00179686
1.11161	0.554441	5.17993	1.05193	1.17385	0.481073	1.11998	0.600225	5.19943	0.00538996
1.33152	0.55512	4.91495	0.919252	0.969149	0.397513	1.37996	0.600629	5.19898	0.0107781
1.60321	0.60848	4.94078	0.858455	1.65063	0.62469	1.6399	0.601347	5.19839	0.0179597
1.85858	0.600036	5.12608	0.541111	1.62331	0.499091	1.89982	0.60247	5.19766	0.0269323
2.13347	0.630884	5.14396	0.501272	2.18882	0.648739	2.1597	0.604086	5.19678	0.0376932
2.35798	0.659603	5.10311	0.564112	1.96701	0.557117	2.41954	0.606284	5.19573	0.0502389
2.62162	0.682915	5.11819	0.51308	2.65526	0.66598	2.67932	0.609155	5.1945	0.0645654
2.89173	0.677044	5.17116	0.343662	2.92034	0.645898	2.93904	0.612786	5.19309	0.080668
3.12424	0.682567	5.15148	0.285976	3.01222	0.637046	3.19869	0.617267	5.19147	0.0985415
3.41003	0.603501	5.20277	-0.174125	3.56096	0.485311	3.45825	0.622685	5.18963	0.11818
3.70912	0.525243	5.22048	-0.569028	3.89365	0.311793	3.71772	0.62913	5.18754	0.139576
3.98775	0.565926	5.28401	-0.331445	4.19786	0.698311	3.97708	0.636689	5.18519	0.162724
4.26027	0.55557	5.29035	-0.365512	4.30935	0.578564	4.23632	0.645449	5.18256	0.187614
4.52244	0.578416	5.28296	-0.260358	4.61908	0.68951	4.49542	0.655498	5.17962	0.214238
4.71953	0.658793	5.20594	0.0617728	4.35143	0.899174	4.75437	0.666921	5.17634	0.242587
4.97528	0.651736	5.18098	-0.00287865	5.20901	0.66599	5.01315	0.679804	5.1727	0.272649
5.27548	0.649693	5.22484	-0.0277614	5.51894	0.648233	5.27175	0.694234	5.16867	0.304413
5.53363	0.65657	5.23629	-0.00738775	5.22834	0.639362	5.53013	0.710295	5.16422	0.337868
5.82704	0.671383	5.26819	0.0298463	6.022	0.708619	5.78828	0.728072	5.15932	0.372999
6.07281	0.602697	5.23391	-0.21851	5.89392	0.373584	6.04618	0.747647	5.15393	0.409793
6.33427	0.703853	5.22866	0.108604	6.34249	0.948833	6.30379	0.769103	5.14803	0.448233
6.58834	0.731563	5.20904	0.170187	6.62134	0.836138	6.5611	0.792523	5.14157	0.488305
6.83937	0.732104	5.20122	0.147933	6.78214	0.714036	6.81808	0.817988	5.13452	0.52999
7.08842	0.71495	5.16932	0.0703659	7.29121	0.630741	7.07469	0.845578	5.12685	0.573269
7.31687	0.795576	5.12979	0.278569	7.13735	0.957217	7.3309	0.875373	5.11851	0.618123
7.60195	0.808449	5.17227	0.285978	8.08349	0.819605	7.58668	0.907449	5.10946	0.664531
7.85378	0.790569	5.17036	0.208877	7.80533	0.719126	7.84199	0.941886	5.09966	0.712469
8.10838	0.807355	5.14896	0.223745	8.40453	0.884557	8.0968	0.978759	5.08907	0.761915
8.34987	0.82659	5.13277	0.24827	8.24796	0.840322	8.35106	1.01814	5.07766	0.812843
8.61286	0.910916	5.1451	0.435833	8.45858	1.41118	8.60472	1.06011	5.06537	0.865226
8.85236	0.970661	5.11854	0.543869	8.74615	1.04858	8.85775	1.10473	5.05216	0.919037
9.13616	1.00834	5.14432	0.588076	9.8809	1.1419	9.1101	1.15208	5.03798	0.974245
9.3752	1.04368	5.12335	0.624475	9.25579	1.04913	9.36172	1.20223	5.0228	1.03082
9.64937	1.11319	5.13379	0.735666	10.1016	1.52474	9.61255	1.25524	5.00656	1.08873
9.91852	1.23973	5.11259	0.96995	10.0484	1.44598	9.86254	1.31118	4.98922	1.14794
10.1719	1.32663	5.07286	1.09776	10.5377	1.72555	10.1117	1.37011	4.97074	1.20841
10.4008	1.41023	5.02791	1.20675	10.2492	1.45907	10.3598	1.4321	4.95106	1.2701
10.641	1.49531	4.97094	1.31424	10.9084	1.70343	10.6069	1.49721	4.93014	1.33298
10.8717	1.53295	4.95309	1.30399	10.7313	1.45265	10.853	1.56549	4.90794	1.39701
11.1337	1.58459	4.96333	1.31776	11.4783	1.42876	11.0979	1.637	4.8844	1.46213
11.4087	1.63379	4.98518	1.32069	11.587	1.61462	11.3416	1.71179	4.85948	1.52832
11.6448	1.69434	4.95334	1.35514	11.4763	1.53917	11.584	1.78992	4.83313	1.59551
11.8779	1.76175	4.92781	1.39878	11.7788	1.74591	11.8251	1.87144	4.80531	1.66366
12.129	1.8489	4.9225	1.47437	12.136	2.14937	12.0647	1.95639	4.77598	1.73273
12.373	1.88261	4.92405	1.43082	12.3226	1.78353	12.3029	2.04482	4.74508	1.80265
12.6248	1.94286	4.93355	1.44	12.5457	1.77728	12.5394	2.13677	4.71257	1.87338
12.8285	2.07592	4.85418	1.61782	12.5924	2.17509	12.7743	2.23227	4.67842	1.94485
13.0864	2.1765	4.86444	1.69314	13.2198	2.6644	13.0075	2.33137	4.64258	2.01701
13.2912	2.31727	4.78147	1.86544	13.0875	2.40708	13.2388	2.43409	4.605	2.08981
13.4824	2.46354	4.65821	2.04832	12.7087	3.12439	13.4682	2.54047	4.56565	2.16317
13.7277	2.57919	4.63814	2.1306	13.836	2.62479	13.6955	2.65053	4.52448	2.23703
13.9495	2.6936	4.5889	2.21121	13.8302	2.73893	13.9208	2.7643	4.48147	2.31134
14.1752	2.84525	4.53006	2.35471	14.2106	2.94205	14.1439	2.88179	4.43656	2.38601
14.4194	2.94967	4.54518	2.37364	14.5568	2.87021	14.3646	3.00303	4.38974	2.46099
14.6293	3.0314	4.51796	2.36373	14.4616	2.90734	14.583	3.12802	4.34097	2.5362
14.8561	3.17611	4.48869	2.46325	14.6754	3.96041	14.7989	3.25679	4.29021	2.61157
15.0597	3.36497	4.39037	2.65527	15.0261	3.5067	15.0122	3.38932	4.23744	2.68703
15.2721	3.52665	4.31351	2.78133	15.3685	4.14761	15.2228	3.52563	4.18263	2.76249
15.4815	3.71229	4.23023	2.93584	15.5236	3.82936	15.4306	3.66572	4.12575	2.83789
15.6946	3.84531	4.19685	2.97538	15.7234	3.4105	15.6355	3.80957	4.06678	2.91315
15.9135	3.99219	4.16369	3.03297	15.9774	4.00094	15.8375	3.95719	4.00571	2.98817
16.1122	4.15729	4.07164	3.13829	16.3376	4.21632	16.0363	4.10854	3.94251	3.0629
16.3078	4.35085	3.98279	3.27229	16.3313	4.44499	16.2319	4.26363	3.87716	3.13723
16.5171	4.51116	3.948	3.32652	16.7586	4.48231	16.4242	4.42242	3.80966	3.21109
16.6964	4.68532	3.86284	3.41206	16.6039	4.67344	16.613	4.5849	3.74	3.28438
16.8543	4.88791	3.67756	3.57406	16.9236	5.10119	16.7983	4.75103	3.66817	3.35704
17.0191	5.10932	3.54785	3.72081	16.9955	5.21099	16.9799	4.92077	3.59416	3.42897
17.1895	5.28831	3.45165	3.79148	17.3421	4.64623	17.1579	5.09409	3.51797	3.50008
17.3517	5.47348	3.36271	3.85796	17.2894	5.43542	17.3319	5.27094	3.4396	3.57028
17.5076	5.65684	3.249	3.92765	17.6463	4.74597	17.5019	5.45128	3.35907	3.63949
17.7045	5.789	3.26602	3.88521	17.7853	5.62476	17.6679	5.63506	3.27637	3.70762
17.8452	5.99937	3.10727	3.99797	17.9216	6.07151	17.8297	5.82221	3.19151	3.77458
18.0222	6.18368	3.06797	4.03128	18.1263	6.16985	17.9872	6.01269	3.10453	3.84027
18.1677	6.39717	2.95693	4.11653	18.1245	6.79027	18.1402	6.20641	3.01542	3.90462
18.2921	6.62498	2.81878	4.21626	18.2164	6.66138	18.2888	6.40332	2.92421	3.96753
18.4205	6.84563	2.68528	4.29975	18.4022	7.02231	18.4328	6.60333	2.83093	4.0289
18.5727	6.99446	2.6659	4.26282	18.5422	6.76013	18.572	6.80638	2.7356	4.08867
18.7173	7.20442	2.61335	4.30325	18.8089	7.24388	18.7064	7.01237	2.63825	4.14672
18.9164	7.34671	2.68232	4.23278	19.1441	7.18344	18.8359	7.22122	2.53893	4.20299
19.0003	7.57032	2.46908	4.33197	18.5479	7.4012	18.9604	7.43283	2.43767	4.25737
19.0958	7.8133	2.3184	4.42411	19.0138	7.8688	19.0798	7.64712	2.3345	4.3098
19.2118	8.02954	2.23025	4.4652	19.3089	7.67375	19.1939	7.86397	2.22949	4.36017
19.2949	8.24096	2.09699	4.50448	19.132	8.12845	19.3028	8.08329	2.12266	4.40842
19.3894	8.46048	2.00324	4.53967	19.0239	8.17194	19.4062	8.30497	2.01409	4.45445
19.4872	8.62042	1.94335	4.50169	19.347	8.30741	19.5042	8.5289	1.90381	4.49819
19.5718	8.84294	1.81313	4.54519	19.6843	8.35902	19.5966	8.75494	1.7919	4.53956
19.7367	9.012	1.8743	4.49549	20.0039	8.8906	19.6835	8.983	1.67841	4.57848
19.8032	9.24617	1.70386	4.55591	19.6061	9.48659	19.7645	9.21294	1.56341	4.61488
19.9384	9.45381	1.70645	4.55461	20.1574	9.45949	19.8398	9.44463	1.44697	4.64869
19.977	9.6909	1.47976	4.61784	19.6163	9.76606	19.9093	9.67795	1.32916	4.67984
20.0701	9.9128	1.41827	4.6352	20.1573	9.90876	19.9728	9.91275	1.21005	4.70826
20.126	10.161	1.3002	4.68271	19.1911	11.5493	20.0303	10.1489	1.08972	4.73389
20.1795	10.4106	1.1741	4.72754	20.166	10.4687	20.0818	10.3863	0.968259	4.75666
20.192	10.6537	0.943885	4.7682	19.6775	10.803	20.1271	10.6247	0.845742	4.77652
20.2555	10.9059	0.856353	4.80216	20.371	11.0109	20.1663	10.864	0.722256	4.7934
20.2828	11.1587	0.721147	4.834	19.4335	12.3402	20.1993	11.1041	0.597892	4.80727
20.3189	11.3914	0.614347	4.84056	20.3164	11.3483	20.2261	11.3449	0.472738	4.81807
20.2636	11.6444	0.252409	4.86123	19.2063	12.2418	20.2466	11.5861	0.346889	4.82575
20.3371	11.879	0.236401	4.86362	20.6141	11.9422	20.2608	11.8275	0.220439	4.83027
20.3594	12.1155	0.19203	4.86418	19.966	11.9688	20.2687	12.0692	0.093487	4.83159
20.3515	12.3835	0.037411	4.89018	20.3263	12.4966	20.2701	12.3108	-0.0338694	4.82968
20.3007	12.6255	-0.242221	4.87469	20.0192	12.4823	20.2652	12.5522	-0.161529	4.82451
20.326	12.8633	-0.302645	4.86806	20.498	12.8924	20.254	12.7933	-0.28939	4.81605
20.3101	13.0993	-0.442074	4.8502	20.9151	12.2555	20.2363	13.0339	-0.417348	4.80428
20.2739	13.3175	-0.587728	4.81151	20.1943	13.1688	20.2122	13.2738	-0.545298	4.78918
20.2325	13.5544	-0.723689	4.79036	19.858	13.5236	20.1818	13.5129	-0.673135	4.77072
20.2152	13.8035	-0.817917	4.7842	20.3245	13.8896	20.1449	13.7509	-0.800753	4.74892
20.1566	14.0348	-0.995181	4.74408	20.3387	13.5307	20.1017	13.9878	-0.928043	4.72374
20.1049	14.2807	-1.12604	4.72408	20.1216	14.337	20.0521	14.2233	-1.0549	4.69521
20.0314	14.5108	-1.27851	4.68175	19.6717	14.4038	19.9962	14.4573	-1.18121	4.66331
19.928	14.7536	-1.47164	4.64016	19.781	14.773	19.934	14.6897	-1.30687	4.62805
19.8588	14.9753	-1.55983	4.60035	20.1149	14.0165	19.8655	14.9202	-1.43177	4.58944
19.824	15.198	-1.60935	4.56734	20.0208	15.2053	19.7908	15.1486	-1.55581	4.54751
19.6907	15.4108	-1.93131	4.43963	20.0157	15.3443	19.7099	15.3749	-1.67887	4.50226
19.6535	15.6123	-1.9661	4.3876	19.9131	15.554	19.6229	15.5989	-1.80085	4.45372
19.5545	15.8233	-2.08704	4.32337	19.9388	15.0864	19.5298	15.8203	-1.92164	4.40193
19.4527	16.033	-2.20681	4.25658	19.4748	16.0098	19.4307	16.039	-2.04114	4.3469
19.3474	16.2444	-2.28253	4.21208	19.1556	16.0022	19.3257	16.2549	-2.15925	4.28868
19.2348	16.4259	-2.39696	4.11737	19.238	16.2719	19.2148	16.4679	-2.27586	4.22731
19.1127	16.6267	-2.51859	4.04066	19.4007	16.2962	19.0981	16.6777	-2.39087	4.16284
18.9872	16.8283	-2.6301	3.96905	19.0029	16.8387	18.9757	16.8841	-2.50418	4.0953
18.8303	17.0197	-2.85055	3.8255	18.8373	17.7112	18.8477	17.0872	-2.61571	4.02476
18.67	17.2358	-2.99014	3.75635	18.6148	17.3832	18.7142	17.2866	-2.72534	3.95127
18.5624	17.443	-2.94942	3.77614	18.8177	17.0316	18.5752	17.4822	-2.83299	3.87489
18.3581	17.6212	-3.13156	3.65228	18.1023	17.5529	18.4309	17.674	-2.93858	3.79568
18.2206	17.813	-3.14964	3.62894	18.2749	17.4877	18.2814	17.8617	-3.042	3.71372
18.0864	17.9991	-3.20851	3.56632	18.2094	18.0461	18.1268	18.0453	-3.14318	3.62906
17.9096	18.1568	-3.34756	3.42886	18.3021	17.498	17.9671	18.2246	-3.24204	3.5418
17.7691	18.3078	-3.40324	3.32938	17.9018	18.2183	17.8026	18.3994	-3.3385	3.45199
17.6317	18.4926	-3.42466	3.29831	18.8558	18.1364	17.6334	18.5697	-3.43247	3.35973
17.4453	18.6633	-3.52529	3.21183	17.3845	18.7039	17.4595	18.7353	-3.5239	3.26509
17.2622	18.8078	-3.62571	3.08829	17.7945	18.0801	17.281	18.8962	-3.61271	3.16817
17.0961	18.9475	-3.6861	2.98399	17.1762	18.8863	17.0983	19.0521	-3.69883	3.06904
16.9286	19.1175	-3.72407	2.94157	16.9398	19.7311	16.9113	19.203	-3.78221	2.9678
16.7138	19.23	-3.83477	2.78736	16.5734	19.052	16.7201	19.3488	-3.86278	2.86455
16.5257	19.3816	-3.90324	2.70346	16.1674	20.2201	16.5251	19.4894	-3.9405	2.75938
16.3123	19.5312	-3.99109	2.6152	16.2338	19.6171	16.3262	19.6246	-4.01531	2.65237
16.0873	19.6176	-4.10565	2.41521	16.4366	18.2742	16.1237	19.7545	-4.08716	2.54364
15.8868	19.7569	-4.16229	2.33526	15.9243	19.8703	15.9176	19.8789	-4.15602	2.43329
15.6945	19.8834	-4.1695	2.29932	16.2328	19.2166	15.7082	19.9978	-4.22185	2.32141
15.4749	20.0267	-4.23533	2.23346	15.4332	20.1836	15.4956	20.111	-4.28461	2.2081
15.2694	20.1642	-4.26936	2.18836	14.3677	21.3406	15.2799	20.2185	-4.34427	2.09347
15.0774	20.2974	-4.29298	2.13571	15.2016	20.4385	15.0613	20.3203	-4.4008	1.97763
14.8489	20.38	-4.36568	1.98186	14.7476	19.9571	14.84	20.4162	-4.4542	1.86068
14.6344	20.498	-4.40591	1.91055	14.6665	20.6088	14.6161	20.5063	-4.50443	1.74272
14.4029	20.5828	-4.47571	1.76077	13.841	21.0031	14.3897	20.5904	-4.55149	1.62386
14.1584	20.6565	-4.53922	1.622	14.0521	20.5924	14.1611	20.6686	-4.59537	1.50421
13.9251	20.7263	-4.59533	1.46693	13.8232	20.859	13.9304	20.7408	-4.63606	1.38386
13.6589	20.7869	-4.66822	1.31522	13.4686	20.7253	13.6977	20.807	-4.67357	1.26294
13.414	20.817	-4.7313	1.07637	13.8263	20.4261	13.4632	20.8671	-4.70789	1.14153
13.1662	20.8618	-4.76993	0.927332	13.1072	20.8294	13.2271	20.9211	-4.73904	1.01975
12.9357	20.9187	-4.78797	0.817009	13.2669	21.1579	12.9895	20.969	-4.76702	0.897694
12.7226	20.9713	-4.7854	0.71676	12.8729	21.0592	12.7506	21.0108	-4.79186	0.775469
12.4757	21.0086	-4.81437	0.577059	11.5171	21.6724	12.5106	21.0465	-4.81358	0.653175
12.229	21.0476	-4.83662	0.461793	12.2062	21.11	12.2695	21.0761	-4.83219	0.530912
11.9909	21.0668	-4.84776	0.308942	12.3859	21.1066	12.0276	21.0996	-4.84773	0.408778
11.7417	21.0428	-4.85251	0.108124	11.6814	20.8651	11.785	21.117	-4.86022	0.286869
11.4952	21.0287	-4.854	-0.0675744	11.5265	20.6748	11.5418	21.1283	-4.86971	0.165281
11.2692	21.0277	-4.83618	-0.19613	11.363	21.0688	11.2982	21.1335	-4.87623	0.0441057
11.0171	20.9883	-4.83037	-0.39157	10.5558	20.5567	11.0544	21.1327	-4.87982	-0.076565
10.7952	20.9556	-4.79495	-0.548165	10.8903	20.927	10.8105	21.1259	-4.88053	-0.196643
10.5478	20.9534	-4.79098	-0.588784	9.30535	21.3896	10.5666	21.1131	-4.8784	-0.31604
10.2816	20.9753	-4.81828	-0.633689	10.189	21.209	10.3229	21.0943	-4.87349	-0.434674
10.043	20.9565	-4.80321	-0.72944	9.97958	21.2932	10.0795	21.0697	-4.86585	-0.552463
9.8329	20.9223	-4.75551	-0.845401	9.99634	20.9797	9.83658	21.0391	-4.85554	-0.669327
9.59486	20.9142	-4.74555	-0.844944	9.38223	21.111	9.59422	21.0028	-4.84262	-0.785189
9.38777	20.8645	-4.69261	-0.967688	9.53921	20.8762	9.35258	20.9607	-4.82714	-0.899977
9.16015	20.8255	-4.66595	-1.06108	9.63392	20.9724	9.11177	20.9128	-4.80919	-1.01362
8.88849	20.7869	-4.68465	-1.14649	8.70331	20.8221	8.87192	20.8594	-4.78881	-1.12605
8.66687	20.7101	-4.63645	-1.29152	9.84634	20.009	8.63315	20.8003	-4.76608	-1.2372
8.40583	20.6224	-4.62471	-1.43943	8.22277	20.4839	8.39557	20.7358	-4.74108	-1.34701
8.17734	20.5427	-4.58262	-1.56988	8.29647	20.4978	8.1593	20.6657	-4.71387	-1.45542
7.93892	20.4619	-4.55304	-1.6829	7.88599	20.45	7.92445	20.5903	-4.68453	-1.56237
7.72161	20.3763	-4.49581	-1.82442	8.29081	20.6565	7.69111	20.5096	-4.65313	-1.66781
7.43798	20.3148	-4.5298	-1.88076	7.18029	20.392	7.45939	20.4237	-4.61975	-1.7717
7.21072	20.2166	-4.48485	-1.98738	7.09214	20.1196	7.22939	20.3326	-4.58448	-1.87399
6.95396	20.1346	-4.48347	-2.05936	6.81542	20.1859	7.00119	20.2364	-4.54738	-1.97462
6.73161	20.0413	-4.44225	-2.13368	6.89359	20.1536	6.7749	20.1352	-4.50854	-2.07357
6.48503	19.9519	-4.4317	-2.20026	6.38914	20.0137	6.55059	20.0292	-4.46805	-2.17079
6.26927	19.8571	-4.38531	-2.27307	6.67637	20.2142	6.32834	19.9183	-4.42598	-2.26625
6.01197	19.7655	-4.39269	-2.32398	5.86119	19.8306	6.10823	19.8027	-4.38241	-2.35993
5.79398	19.619	-4.31242	-2.50272	5.28178	19.5036	5.89034	19.6824	-4.33744	-2.45178
5.59692	19.5006	-4.23871	-2.59056	5.69089	19.5755	5.67472	19.5577	-4.29114	-2.5418
5.39729	19.3507	-4.14942	-2.72877	5.9506	18.9859	5.46145	19.4284	-4.24359	-2.62995
5.17632	19.2515	-4.12783	-2.76161	5.17021	19.4397	5.25059	19.2948	-4.19488	-2.71622
4.97732	19.1385	-4.08427	-2.78577	5.87397	19.301	5.04219	19.157	-4.1451	-2.80059
4.79856	18.9887	-3.98673	-2.89321	4.89149	18.982	4.8363	19.015	-4.09432	-2.88305
4.59501	18.8389	-3.91909	-3.00329	3.98679	19.0452	4.63297	18.8689	-4.04263	-2.96359
4.40704	18.7076	-3.85574	-3.06167	4.4685	18.834	4.43224	18.7188	-3.99012	-3.0422
4.21742	18.5652	-3.80483	-3.10158	4.69245	18.4634	4.23416	18.5648	-3.93685	-3.11888
4.0734	18.408	-3.67705	-3.1948	4.26269	18.481	4.03876	18.4071	-3.88293	-3.19362
3.89511	18.2369	-3.56432	-3.34925	3.42434	18.8357	3.84606	18.2457	-3.82841	-3.26644
3.65895	18.0971	-3.58826	-3.37543	3.45919	18.167	3.65611	18.0807	-3.77339	-3.33732
3.48704	17.9446	-3.53164	-3.40097	4.3011	17.9267	3.46891	17.9122	-3.71795	-3.40627
3.2732	17.779	-3.51784	-3.45597	3.12525	17.7493	3.28449	17.7402	-3.66215	-3.47331
3.0999	17.5966	-3.41826	-3.57535	2.65664	17.888	3.10287	17.565	-3.60609	-3.53844
2.91306	17.4779	-3.4083	-3.55737	2.9449	17.8154	2.92405	17.3866	-3.54982	-3.60167
2.77323	17.2635	-3.23747	-3.73082	3.26647	17.0897	2.74805	17.2051	-3.49344	-3.66302
2.59968	17.0799	-3.17543	-3.79413	2.55407	17.0853	2.57486	17.0205	-3.437	-3.72251
2.43204	16.9106	-3.14539	-3.79425	2.55039	16.8884	2.4045	16.833	-3.38059	-3.78014
2.26559	16.7379	-3.09467	-3.83191	2.25371	16.8334	2.23695	16.6427	-3.32428	-3.83595
2.0951	16.5423	-3.05792	-3.86757	1.57735	16.0489	2.07221	16.4497	-3.26812	-3.88995
1.94392	16.3142	-2.95808	-3.97132	1.88972	16.1054	1.91027	16.254	-3.21219	-3.94216
1.78423	16.1358	-2.93257	-3.97214	1.74362	16.2687	1.75112	16.0557	-3.15656	-3.99261
1.58594	15.9679	-2.96564	-3.96748	1.44745	16.0853	1.59474	15.8549	-3.10129	-4.04132
1.46256	15.7397	-2.81254	-4.09726	1.6097	15.5526	1.44111	15.6517	-3.04644	-4.08832
1.2952	15.5252	-2.77559	-4.15254	1.18395	15.4284	1.29021	15.4463	-2.99207	-4.13364
1.14236	15.3313	-2.74042	-4.17198	0.828993	15.528	1.14201	15.2386	-2.93825	-4.1773
0.94265	15.1189	-2.77359	-4.20257	0.722706	15.0075	0.996486	15.0288	-2.88503	-4.21933
0.794665	14.9343	-2.75902	-4.18524	1.03147	15.2134	0.853604	14.8169	-2.83246	-4.25977
0.678934	14.7178	-2.65296	-4.24345	0.737301	14.7047	0.71333	14.603	-2.78061	-4.29864
0.570818	14.4793	-2.50649	-4.34841	0.722177	14.2445	0.575628	14.3872	-2.72952	-4.33598
0.401458	14.2613	-2.51124	-4.37781	0.253435	14.2029	0.440459	14.1696	-2.67925	-4.37181
0.292138	14.0146	-2.35512	-4.498	-0.0328023	13.9604	0.307779	13.9502	-2.62984	-4.40617
0.252348	13.7632	-2.11559	-4.58796	0.459172	13.6856	0.177545	13.7292	-2.58135	-4.43909
0.155954	13.5229	-1.98062	-4.66508	0.0524412	13.6377	0.0497099	13.5065	-2.53381	-4.47061
-0.0051969	13.2981	-2.0095	-4.68346	-0.190344	13.2856	-0.0757753	13.2823	-2.48728	-4.50075
-0.120869	13.077	-1.97362	-4.68775	-0.275043	13.1456	-0.198962	13.0566	-2.44179	-4.52955
-0.150816	12.844	-1.75726	-4.73486	0.0462308	12.9301	-0.319903	12.8295	-2.39739	-4.55704
-0.269478	12.6169	-1.75568	-4.72871	-0.684792	12.3563	-0.438654	12.6011	-2.35412	-4.58326
-0.387124	12.3818	-1.73107	-4.7524	-0.476482	12.3633	-0.555273	12.3714	-2.31202	-4.60823
-0.511721	12.1704	-1.75535	-4.72978	-0.972122	12.5207	-0.669818	12.1404	-2.27111	-4.63198
-0.596739	11.9466	-1.68201	-4.74443	-0.582624	12.0386	-0.78235	11.9083	-2.23144	-4.65456
-0.720333	11.7189	-1.70455	-4.73948	-1.26757	11.6495	-0.892931	11.6751	-2.19304	-4.67598
-0.901439	11.4816	-1.82946	-4.73765	-1.17212	11.3988	-1.00163	11.4409	-2.15594	-4.69628
-1.0091	11.2528	-1.84337	-4.71508	-0.891441	10.959	-1.1085	11.2057	-2.12017	-4.71549
-1.1789	11.0276	-1.95136	-4.69768	-1.39289	11.0424	-1.21362	10.9695	-2.08575	-4.73364
-1.2586	10.7843	-1.84439	-4.75122	-1.29894	10.9012	-1.31706	10.7324	-2.05273	-4.75075
-1.38492	10.5338	-1.85871	-4.77349	-1.49687	10.4198	-1.41889	10.4945	-2.02111	-4.76686
-1.46631	10.2762	-1.75997	-4.83231	-1.59293	10.0212	-1.51917	10.2559	-1.99093	-4.78198
-1.57375	10.0613	-1.75842	-4.81764	-1.61875	10.2374	-1.61797	10.0165	-1.96221	-4.79615
-1.66449	9.82952	-1.73067	-4.81668	-1.59702	9.96554	-1.71539	9.77637	-1.93498	-4.80939
-1.74796	9.60395	-1.68459	-4.81803	-1.73381	9.71347	-1.81147	9.53564	-1.90924	-4.82172
-1.85027	9.35738	-1.65367	-4.84981	-2.27191	9.37316	-1.90631	9.29431	-1.88502	-4.83316
-1.92823	9.07153	-1.5818	-4.91164	-1.93833	8.77028	-1.99998	9.05243	-1.86233	-4.84374
-2.01825	8.84446	-1.58384	-4.89118	-1.96565	9.13274	-2.09256	8.81003	-1.8412	-4.85347
-2.11487	8.59339	-1.57262	-4.9087	-2.1768	8.5411	-2.18412	8.56717	-1.82164	-4.86238
-2.23506	8.34509	-1.6163	-4.91439	-2.65862	8.19477	-2.27474	8.32388	-1.80365	-4.87047
-2.29289	8.10507	-1.53384	-4.92599	-2.21875	8.15339	-2.3645	8.0802	-1.78726	-4.87778
-2.36563	7.88495	-1.50532	-4.90575	-2.273	8.52315	-2.45348	7.83617	-1.77248	-4.8843
-2.47517	7.63623	-1.53471	-4.91477	-2.59674	7.60288	-2.54177	7.59184	-1.75931	-4.89006
-2.63349	7.40473	-1.71622	-4.862	-3.08256	7.38874	-2.62944	7.34723	-1.74777	-4.89507
-2.73552	7.14991	-1.72515	-4.87725	-2.79865	7.064	-2.71658	7.10238	-1.73786	-4.89933
-2.80339	6.91248	-1.65391	-4.89206	-2.79412	7.20818	-2.80326	6.85734	-1.72958	-4.90286
-2.85794	6.69246	-1.58298	-4.88015	-2.74651	6.86867	-2.88957	6.61214	-1.72295	-4.90566
-2.93395	6.46183	-1.60567	-4.84738	-2.57673	6.36755	-2.97559	6.36681	-1.71797	-4.90774
-2.9918	6.22021	-1.54446	-4.85671	-2.90217	6.22989	-3.0614	6.12139	-1.71464	-4.90911
-3.10546	5.97731	-1.59138	-4.85887	-3.50172	6.10796	-3.14709	5.87592	-1.71297	-4.90976
-3.18222	5.70837	-1.56203	-4.89216	-3.1778	5.53101	-3.23274	5.63043	-1.71295	-4.9097
-3.29089	5.46257	-1.6505	-4.86944	-3.19736	5.19093	-3.31843	5.38496	-1.71458	-4.90893
-3.38264	5.20486	-1.65482	-4.88626	-3.43031	5.10507	-3.40424	5.13955	-1.71787	-4.90745
-3.45322	4.95799	-1.60672	-4.9016	-3.4281	4.94644	-3.49026	4.89422	-1.72281	-4.90525
-3.55886	4.6895	-1.63574	-4.92707	-3.69435	4.52196	-3.57657	4.64902	-1.72939	-4.90233
-3.66749	4.43947	-1.72687	-4.90566	-3.50501	4.17643	-3.66325	4.40398	-1.73763	-4.89868
-3.79182	4.17766	-1.79002	-4.91821	-4.00238	4.04684	-3.75039	4.15913	-1.74749	-4.8943
-3.87725	3.93533	-1.76007	-4.92579	-4.06447	4.10977	-3.83806	3.91452	-1.75899	-4.88918
-3.95323	3.69617	-1.73782	-4.92066	-3.88053	3.75177	-3.92635	3.67019	-1.77212	-4.8833
-4.06137	3.48144	-1.82197	-4.86546	-4.23729	3.88878	-4.01533	3.42616	-1.78686	-4.87666
-4.15203	3.23588	-1.82468	-4.86672	-4.15119	3.21968	-4.10509	3.18248	-1.8032	-4.86925
-4.2666	2.98574	-1.9028	-4.85416	-4.27467	2.88187	-4.19571	2.93919	-1.82113	-4.86104
-4.35269	2.71737	-1.88984	-4.88173	-4.32451	2.55034	-4.28727	2.69633	-1.84065	-4.85202
-4.44178	2.46737	-1.87847	-4.88993	-4.38481	2.39989	-4.37985	2.45393	-1.86173	-4.84218
-4.54318	2.20794	-1.89192	-4.90483	-4.61223	2.09192	-4.47352	2.21205	-1.88436	-4.83149
-4.65513	1.97302	-2.00429	-4.85793	-4.29257	1.92854	-4.56836	1.97072	-1.90853	-4.81994
-4.7658	1.70832	-2.02933	-4.87722	-4.86829	1.53442	-4.66444	1.72998	-1.93422	-4.80751
-4.88998	1.46212	-2.12292	-4.85336	-4.98165	1.43611	-4.76186	1.48989	-1.9614	-4.79417
-4.95261	1.21804	-2.07653	-4.85187	-4.66779	1.28643	-4.86066	1.25049	-1.99007	-4.7799
-5.05255	0.99141	-2.08841	-4.8264	-4.98594	1.10894	-4.96095	1.01182	-2.02019	-4.76468
-5.11672	0.749821	-2.04546	-4.82394	-4.85498	0.825661	-5.06277	0.77393	-2.05174	-4.74848
-5.20702	0.468781	-2.047	-4.86407	-4.84736	0.18101	-5.16621	0.536876	-2.08471	-4.73127
-5.2835	0.223224	-2.02212	-4.8639	-5.1231	0.257311	-5.27133	0.300706	-2.11906	-4.71303
-5.39438	-0.013881	-2.01651	-4.86073	-5.99809	-0.290765	-5.3782	0.0654719	-2.15477	-4.69374
-5.46751	-0.258482	-1.98365	-4.86229	-5.29972	-0.212982	-5.4869	-0.168772	-2.1918	-4.67335
-5.58998	-0.457986	-2.06489	-4.79178	-5.64447	-0.144522	-5.59748	-0.401971	-2.23014	-4.65185
-5.72878	-0.655077	-2.1586	-4.71956	-5.85359	-0.445801	-5.71001	-0.634069	-2.26974	-4.62919
-5.84244	-0.882793	-2.2457	-4.68063	-5.30947	-0.724468	-5.82456	-0.865006	-2.31058	-4.60536
-5.93667	-1.1413	-2.22929	-4.70765	-5.87835	-1.26863	-5.94118	-1.09472	-2.35262	-4.58032
-6.02445	-1.40152	-2.20331	-4.73724	-5.68069	-1.52871	-6.05993	-1.32316	-2.39581	-4.55404
-6.16306	-1.61342	-2.28436	-4.68448	-6.27263	-1.50938	-6.18087	-1.55025	-2.44014	-4.52648
-6.3043	-1.84285	-2.42837	-4.63503	-6.11355	-1.75966	-6.30406	-1.77593	-2.48555	-4.49762
-6.4092	-2.08728	-2.42772	-4.64193	-6.34007	-2.13685	-6.42954	-2.00014	-2.532	-4.46742
-6.56091	-2.29544	-2.52045	-4.57978	-6.99344	-2.17445	-6.55738	-2.22281	-2.57946	-4.43585
-6.70948	-2.50668	-2.60198	-4.52549	-6.79288	-2.4458	-6.68761	-2.44386	-2.62788	-4.40288
-6.86469	-2.71997	-2.69898	-4.47037	-7.14408	-2.67584	-6.82029	-2.66323	-2.6772	-4.36847
-6.95728	-2.97854	-2.64884	-4.51787	-6.8003	-3.10086	-6.95546	-2.88084	-2.7274	-4.3326
-7.08707	-3.20369	-2.66773	-4.50096	-7.13937	-3.22028	-7.09316	-3.09663	-2.7784	-4.29523
-7.21259	-3.40658	-2.70256	-4.45216	-7.12118	-3.26434	-7.23344	-3.3105	-2.83017	-4.25632
-7.35816	-3.64653	-2.74166	-4.45276	-7.77186	-4.08999	-7.37632	-3.5224	-2.88265	-4.21586
-7.5178	-3.80399	-2.85253	-4.32391	-7.49009	-3.49081	-7.52184	-3.73223	-2.93579	-4.1738
-7.66172	-4.01431	-2.90437	-4.28746	-7.52393	-3.88213	-7.67004	-3.93992	-2.98953	-4.13012
-7.8168	-4.23558	-2.95504	-4.26621	-7.88049	-4.29783	-7.82094	-4.14538	-3.04381	-4.08479
-7.96746	-4.4526	-2.99398	-4.24401	-8.08524	-4.57834	-7.97457	-4.34854	-3.09857	-4.03778
-8.12901	-4.68128	-3.04135	-4.23528	-8.22492	-4.79812	-8.13095	-4.5493	-3.15376	-3.98906
-8.27018	-4.89143	-3.02478	-4.22033	-8.453	-4.95621	-8.2901	-4.74759	-3.2093	-3.93862
-8.4051	-5.10877	-3.02764	-4.21538	-8.33552	-5.1059	-8.45204	-4.94331	-3.26514	-3.88641
-8.55236	-5.29068	-3.03959	-4.15806	-8.55062	-4.79248	-8.61678	-5.13637	-3.32121	-3.83242
-8.7446	-5.4856	-3.14324	-4.09266	-8.91477	-5.51752	-8.78433	-5.32669	-3.37745	-3.77663
-8.90285	-5.68649	-3.16826	-4.06318	-9.04115	-5.69364	-8.95469	-5.51417	-3.43377	-3.71901
-9.06324	-5.87386	-3.2131	-4.01318	-9.03391	-5.80267	-9.12788	-5.69872	-3.49012	-3.65955
-9.2029	-6.0472	-3.19978	-3.96335	-8.86897	-5.41973	-9.30388	-5.88026	-3.54643	-3.59823
-9.38723	-6.1634	-3.31465	-3.79932	-9.30811	-5.82368	-9.4827	-6.05868	-3.60261	-3.53503
-9.55991	-6.34991	-3.35383	-3.7595	-9.80646	-6.41174	-9.66432	-6.23389	-3.6586	-3.46994
-9.70573	-6.55036	-3.34789	-3.76209	-9.62547	-6.55958	-9.84874	-6.4058	-3.71431	-3.40295
-9.92247	-6.71098	-3.48409	-3.65518	-10.6688	-6.35543	-10.0359	-6.57431	-3.76969	-3.33404
-10.1281	-6.86896	-3.58268	-3.55816	-10.2246	-6.83402	-10.2259	-6.73933	-3.82463	-3.26321
-10.3107	-7.03355	-3.63885	-3.49466	-10.2205	-6.71044	-10.4186	-6.90075	-3.87907	-3.19046
-10.5397	-7.20133	-3.75313	-3.40648	-10.7616	-7.29159	-10.614	-7.05849	-3.93293	-3.11577
-10.7429	-7.3471	-3.83317	-3.30817	-10.8944	-6.83335	-10.8121	-7.21245	-3.98613	-3.03916
-10.9871	-7.4977	-3.95991	-3.19203	-11.2219	-7.56979	-11.0128	-7.36252	-4.03859	-2.96062
-11.1766	-7.64369	-3.99198	-3.11886	-10.986	-7.3707	-11.2161	-7.50862	-4.09021	-2.88015
-11.3326	-7.79671	-3.97475	-3.09215	-11.0934	-7.6776	-11.422	-7.65064	-4.14093	-2.79777
-11.529	-7.92922	-4.01836	-3.00137	-11.4213	-7.46085	-11.6304	-7.78849	-4.19066	-2.71349
-11.7156	-8.03564	-4.05969	-2.88182	-11.5269	-7.8215	-11.8413	-7.92208	-4.23932	-2.6273
-11.9134	-8.15631	-4.0875	-2.77909	-11.9422	-7.88317	-12.0546	-8.05131	-4.28682	-2.53924
-12.1329	-8.24575	-4.16866	-2.62099	-12.09	-8.08828	-12.2702	-8.17609	-4.33309	-2.44932
-12.3535	-8.3707	-4.23913	-2.544	-12.4462	-8.02117	-12.4881	-8.29633	-4.37802	-2.35756
-12.562	-8.45017	-4.29309	-2.39286	-12.4231	-8.2599	-12.7082	-8.41193	-4.42156	-2.26399
-12.7731	-8.54134	-4.32765	-2.2592	-12.7461	-8.19449	-12.9304	-8.5228	-4.4636	-2.16863
-13.0456	-8.62226	-4.44564	-2.08167	-13.2911	-8.64594	-13.1547	-8.62886	-4.50407	-2.07151
-13.2882	-8.72054	-4.51425	-1.97924	-13.7929	-8.47158	-13.381	-8.73002	-4.54289	-1.97267
-13.5136	-8.76542	-4.56527	-1.79047	-13.384	-8.57583	-13.6092	-8.82619	-4.57997	-1.87214
-13.738	-8.81038	-4.59607	-1.59298	-13.6376	-8.26344	-13.8392	-8.91729	-4.61524	-1.76997
-13.9638	-8.91326	-4.62023	-1.54397	-13.9959	-8.99264	-14.0709	-9.00324	-4.64861	-1.6662
-14.2062	-9.00181	-4.6698	-1.48675	-14.4737	-8.79552	-14.3043	-9.08395	-4.68001	-1.56086
-14.4285	-9.10581	-4.68007	-1.46031	-14.4273	-9.1875	-14.5391	-9.15936	-4.70936	-1.45402
-14.6596	-9.17541	-4.70272	-1.35902	-14.5757	-9.32634	-14.7754	-9.22939	-4.73658	-1.34573
-14.9375	-9.17277	-4.78594	-1.09932	-15.062	-9.04396	-15.013	-9.29397	-4.76161	-1.23603
-15.1901	-9.2456	-4.82077	-1.0311	-15.6189	-9.69365	-15.2517	-9.35302	-4.78436	-1.125
-15.4473	-9.35328	-4.84978	-1.03925	-15.6682	-9.56749	-15.4916	-9.40649	-4.80476	-1.01269
-15.694	-9.38312	-4.86955	-0.872709	-15.9382	-9.35751	-15.7324	-9.45431	-4.82275	-0.899159
-15.9475	-9.46295	-4.89245	-0.844449	-16.0862	-9.59819	-15.9741	-9.49642	-4.83827	-0.784484
-16.2002	-9.47303	-4.91513	-0.662359	-16.6033	-8.85459	-16.2164	-9.53277	-4.85124	-0.668734
-16.4515	-9.4668	-4.93525	-0.476645	-16.4229	-9.37029	-16.4594	-9.5633	-4.8616	-0.55198
-16.6783	-9.46365	-4.92063	-0.306832	-16.011	-9.33486	-16.7027	-9.58797	-4.8693	-0.434301
-16.9539	-9.4515	-4.95324	-0.128095	-17.1132	-9.43043	-16.9464	-9.60673	-4.87427	-0.315773
-17.2029	-9.50925	-4.96511	-0.141539	-16.9255	-10.8571	-17.1903	-9.61954	-4.87646	-0.196479
-17.4606	-9.52589	-4.97685	-0.0533521	-17.5448	-9.57485	-17.4342	-9.62636	-4.87583	-0.0765024
-17.7175	-9.51614	-4.97913	0.0946527	-18.1371	-9.39146	-17.6781	-9.62717	-4.87232	0.0440703
-17.9712	-9.48385	-4.97741	0.260279	-17.9724	-9.42299	-17.9216	-9.62194	-4.86588	0.165151
-18.2175	-9.44586	-4.95708	0.442634	-18.3083	-9.18778	-18.1648	-9.61064	-4.85648	0.286648
-18.4316	-9.48236	-4.92506	0.428462	-18.2763	-9.60997	-18.4074	-9.59325	-4.84408	0.40847
-18.6696	-9.4665	-4.9138	0.506357	-18.2443	-9.58547	-18.6493	-9.56977	-4.82864	0.530522
-18.917	-9.45856	-4.90697	0.575324	-18.9545	-9.51544	-18.8904	-9.54017	-4.81012	0.652707
-19.1496	-9.4178	-4.88485	0.686923	-18.6983	-9.02886	-19.1305	-9.50447	-4.78851	0.774927
-19.3902	-9.30518	-4.84725	0.945236	-19.2983	-9.09865	-19.3694	-9.46265	-4.76378	0.897083
-19.6259	-9.22778	-4.79872	1.13787	-19.7037	-8.79906	-19.6069	-9.41472	-4.73591	1.01907
-19.8714	-9.11162	-4.7542	1.36786	-19.8731	-8.96417	-19.8431	-9.36071	-4.70487	1.1408
-20.1066	-9.01284	-4.70482	1.54256	-20.3815	-7.6755	-20.0775	-9.30061	-4.67066	1.26215
-20.3043	-9.11518	-4.6973	1.31412	-20.1607	-9.59663	-20.3102	-9.23446	-4.63328	1.38303
-20.5441	-9.06781	-4.68294	1.37189	-20.4587	-9.7448	-20.5409	-9.16227	-4.59271	1.50334
-20.7637	-8.97689	-4.63115	1.51393	-20.6596	-8.91527	-20.7696	-9.08409	-4.54895	1.62296
-21.0042	-8.89405	-4.59878	1.63643	-21.5568	-8.5005	-20.9959	-8.99994	-4.50202	1.74179
-21.2054	-8.82313	-4.5376	1.71855	-21.0195	-8.85081	-21.2198	-8.90987	-4.45191	1.85972
-21.4385	-8.73149	-4.49457	1.84229	-21.8628	-8.64129	-21.4412	-8.81393	-4.39865	1.97666
-21.6397	-8.69921	-4.45328	1.83504	-21.5029	-8.87191	-21.6597	-8.71217	-4.34224	2.0925
-21.8362	-8.54679	-4.32234	2.10033	-21.9514	-7.41274	-21.8754	-8.60465	-4.2827	2.20712
-22.041	-8.47319	-4.27405	2.14973	-21.9793	-8.57089	-22.0881	-8.49143	-4.22007	2.32043
-22.251	-8.35871	-4.22601	2.24692	-22.1914	-7.70392	-22.2975	-8.37258	-4.15437	2.43232
-22.4762	-8.27104	-4.19993	2.29994	-22.5838	-8.35296	-22.5035	-8.24817	-4.08564	2.5427
-22.6714	-8.14484	-4.11253	2.43353	-22.3177	-8.57758	-22.7061	-8.11829	-4.01391	2.65145
-22.8889	-7.935	-4.01923	2.67674	-22.9861	-7.6724	-22.9049	-7.98301	-3.93923	2.75848
-23.0807	-7.78264	-3.89083	2.85501	-23.2693	-8.32031	-23.1	-7.84243	-3.86163	2.8637
-23.2992	-7.6212	-3.83034	2.98406	-23.4777	-7.56583	-23.2911	-7.69663	-3.78118	2.967
-23.4971	-7.48092	-3.79306	3.03679	-23.473	-7.02103	-23.4781	-7.54572	-3.69792	3.06828
-23.666	-7.33343	-3.69351	3.12858	-23.5408	-7.36069	-23.6609	-7.3898	-3.61191	3.16746
-23.8548	-7.175	-3.62771	3.21307	-24.0505	-6.56968	-23.8393	-7.22897	-3.52321	3.26445
-24.0239	-7.06801	-3.56369	3.2242	-23.9384	-7.26171	-24.0132	-7.06336	-3.43189	3.35916
-24.1907	-6.88551	-3.44295	3.35796	-24.3577	-5.94086	-24.1825	-6.89307	-3.33801	3.45149
-24.3431	-6.65154	-3.29135	3.54315	-24.2574	-6.4352	-24.347	-6.71823	-3.24166	3.54138
-24.51	-6.47493	-3.17665	3.64774	-24.788	-7.18367	-24.5066	-6.53896	-3.14289	3.62873
-24.6184	-6.31725	-3.02719	3.7064	-24.3008	-6.43799	-24.6612	-6.35538	-3.0418	3.71347
-24.7592	-6.12463	-2.90415	3.80127	-24.6108	-6.00878	-24.8107	-6.16764	-2.93846	3.79553
-24.9352	-5.93351	-2.84039	3.87644	-25.146	-5.91902	-24.955	-5.97587	-2.83295	3.87484
-25.0652	-5.7287	-2.71737	3.96438	-24.8975	-5.02285	-25.094	-5.7802	-2.72537	3.95132
-25.1994	-5.55232	-2.62047	4.00937	-25.1941	-5.64372	-25.2276	-5.58079	-2.61581	4.02492
-25.3513	-5.36607	-2.58468	4.03563	-25.5328	-5.4399	-25.3556	-5.37777	-2.50435	4.09557
-25.4901	-5.1521	-2.48879	4.11361	-25.5713	-5.10241	-25.4779	-5.1713	-2.39109	4.16322
-25.6229	-4.96891	-2.45346	4.12031	-25.0178	-6.55904	-25.5946	-4.96152	-2.27613	4.22781
-25.7384	-4.78811	-2.35808	4.14835	-25.6952	-4.89995	-25.7055	-4.7486	-2.15956	4.2893
-25.8591	-4.58203	-2.28227	4.19149	-25.8162	-4.40681	-25.8105	-4.53268	-2.04149	4.34764
-25.9661	-4.35048	-2.16415	4.27003	-25.9516	-4.26659	-25.9096	-4.31392	-1.92202	4.40279
-26.0757	-4.13186	-1.99888	4.35637	-26.8953	-4.43966	-26.0027	-4.0925	-1.80125	4.45471
-26.161	-3.8667	-1.84333	4.46031	-26.1198	-3.67723	-26.0897	-3.86856	-1.67928	4.50337
-26.2354	-3.63319	-1.63289	4.54436	-26.5652	-3.85723	-26.1706	-3.64227	-1.55623	4.54875
-26.2642	-3.37008	-1.40716	4.62735	-25.9974	-3.24722	-26.2453	-3.41381	-1.4322	4.59081
-26.3134	-3.129	-1.20145	4.68692	-26.2976	-3.01078	-26.3138	-3.18332	-1.30729	4.62954
-26.3402	-2.8882	-1.00681	4.72552	-26.1741	-2.87885	-26.376	-2.95098	-1.18162	4.66493
-26.3977	-2.65996	-0.889337	4.74467	-26.4681	-3.44967	-26.4319	-2.71697	-1.05529	4.69696
-26.4784	-2.48221	-0.832862	4.71341	-26.674	-2.73852	-26.4815	-2.48143	-0.928411	4.72562
-26.5326	-2.24695	-0.744461	4.73093	-26.657	-1.72382	-26.5247	-2.24456	-0.80109	4.75091
-26.5839	-2.04013	-0.646288	4.72237	-26.6691	-2.17333	-26.5616	-2.0065	-0.673434	4.77284
-26.6143	-1.80208	-0.544975	4.73497	-26.3248	-1.32261	-26.5921	-1.76744	-0.545553	4.79141
-26.6115	-1.55764	-0.367331	4.7523	-26.4671	-1.53207	-26.6161	-1.52753	-0.417552	4.80664
-26.6092	-1.32274	-0.172986	4.75901	-26.4998	-2.19526	-26.6338	-1.28695	-0.289538	4.81852
-26.6126	-1.09476	-0.033068	4.75212	-26.5998	-1.14277	-26.6451	-1.04586	-0.161616	4.8271
-26.6413	-0.865378	0.0447199	4.74888	-27.2008	-1.67679	-26.65	-0.804425	-0.0338883	4.83238
-26.651	-0.623081	0.157053	4.75378	-26.7355	-0.59539	-26.6485	-0.562811	0.0935412	4.83439
-26.6384	-0.382364	0.330293	4.75097	-26.9891	0.0351487	-26.6406	-0.321181	0.220572	4.83317
-26.5921	-0.109305	0.520463	4.76639	-26.4553	0.0602653	-26.6264	-0.0796947	0.347104	4.82874
-26.5725	0.128477	0.659741	4.75136	-26.9537	0.136943	-26.6059	0.161489	0.473041	4.82116
-26.5487	0.4012	0.787011	4.76825	-26.6201	0.57588	-26.5792	0.402213	0.598287	4.81045
-26.5356	0.637753	0.840944	4.75482	-26.8241	0.381506	-26.5462	0.642323	0.722748	4.79667
-26.5276	0.906555	0.916454	4.77285	-26.7293	1.06082	-26.5069	0.881666	0.846334	4.77986
-26.4896	1.15605	0.965095	4.76816	-25.9562	2.60409	-26.4616	1.12009	0.968955	4.76007
-26.4321	1.39851	1.09695	4.74467	-26.3986	1.42212	-26.4101	1.35745	1.09053	4.73737
-26.3934	1.62248	1.15303	4.71411	-26.5072	-0.563928	-26.3526	1.59361	1.21096	4.71181
-26.3369	1.84637	1.26137	4.67481	-26.3594	1.79315	-26.2891	1.82841	1.33018	4.68345
-26.2699	2.07709	1.3851	4.63847	-26.3475	1.82827	-26.2197	2.06173	1.44811	4.65235
-26.2056	2.28694	1.48658	4.5843	-26.2502	2.18481	-26.1444	2.29342	1.56467	4.61859
-26.143	2.51683	1.53722	4.56258	-26.069	2.27896	-26.0633	2.52336	1.67979	4.58223
-26.0639	2.75487	1.64322	4.53673	-26.0641	2.80701	-25.9765	2.75141	1.79339	4.54334
-25.9703	2.97703	1.8138	4.47535	-26.3234	3.02388	-25.8841	2.97746	1.90543	4.502
-25.8716	3.23779	1.93249	4.46678	-25.8345	3.42005	-25.7861	3.20139	2.01582	4.45828
-25.7894	3.46457	2.0176	4.43009	-26.1824	3.73376	-25.6826	3.42306	2.12452	4.41227
-25.6826	3.67585	2.13087	4.36824	-25.6666	3.63509	-25.5737	3.64239	2.23146	4.36404
-25.5661	3.88525	2.25747	4.29944	-25.5773	3.13316	-25.4596	3.85924	2.3366	4.31367
-25.4956	4.08334	2.29703	4.24744	-25.7492	3.99968	-25.3402	4.07353	2.43989	4.26125
-25.3721	4.28845	2.41388	4.17876	-25.3516	3.75691	-25.2157	4.28514	2.54127	4.20686
-25.2146	4.4997	2.56693	4.10398	-25.0214	4.52803	-25.0863	4.49399	2.64071	4.15058
-25.0638	4.6976	2.66747	4.03585	-24.2719	4.30917	-24.9518	4.69998	2.73817	4.09251
-24.9442	4.89632	2.74259	3.97652	-25.0363	4.88499	-24.8126	4.90303	2.83361	4.03273
-24.7884	5.08809	2.85894	3.89489	-24.3609	4.95947	-24.6686	5.10304	2.92701	3.97132
-24.6231	5.29282	2.98116	3.82595	-24.5041	5.35293	-24.5201	5.29995	3.01833	3.90839
-24.4522	5.47036	3.13856	3.70322	-24.4379	5.24592	-24.367	5.49367	3.10754	3.84401
-24.2664	5.64373	3.27196	3.59075	-24.1159	5.61152	-24.2095	5.68414	3.19464	3.77827
-24.0996	5.80892	3.3912	3.47082	-24.5638	4.75836	-24.0477	5.8713	3.27959	3.71127
-23.9256	5.973	3.48881	3.36574	-23.9153	5.94377	-23.8818	6.05508	3.36239	3.64309
-23.7787	6.1623	3.46654	3.37152	-23.5491	6.44495	-23.7117	6.23542	3.44302	3.57383
-23.6093	6.32184	3.54213	3.27925	-23.6471	6.29102	-23.5377	6.41227	3.52148	3.50357
-23.4582	6.50071	3.55071	3.25665	-23.7544	6.53746	-23.3598	6.58559	3.59775	3.4324
-23.2428	6.69788	3.66534	3.20275	-23.0099	6.86182	-23.1781	6.75533	3.67185	3.36041
-23.0466	6.843	3.73821	3.10616	-22.7862	5.74143	-22.9928	6.92146	3.74376	3.28768
-22.8363	7.00777	3.83369	3.02332	-22.6991	7.063	-22.804	7.08393	3.8135	3.21431
-22.6257	7.14199	3.93756	2.89134	-22.418	6.76159	-22.6117	7.24273	3.88106	3.14038
-22.4389	7.29131	3.9898	2.81502	-22.5083	7.31524	-22.4161	7.39782	3.94647	3.06598
-22.2139	7.4122	4.12969	2.63416	-22.0543	7.85452	-22.2173	7.54917	4.00974	2.99118
-22.0334	7.57482	4.15917	2.59692	-22.1947	7.69478	-22.0154	7.69679	4.07087	2.91607
-21.8498	7.74043	4.14955	2.60771	-21.6178	9.0351	-21.8105	7.84064	4.12989	2.84074
-21.6425	7.88361	4.20319	2.53817	-21.6473	7.94	-21.6026	7.98072	4.18681	2.76526
-21.4503	8.02011	4.22014	2.48989	-21.8637	7.78661	-21.392	8.11703	4.24166	2.68971
-21.2153	8.0748	4.30794	2.27811	-21.0853	7.83229	-21.1787	8.24957	4.29447	2.61417
-21.0223	8.2306	4.27473	2.32563	-20.5503	9.28616	-20.9628	8.37833	4.34526	2.53871
-20.8414	8.38191	4.2757	2.31819	-21.0519	8.50983	-20.7444	8.50333	4.39406	2.46341
-20.605	8.48837	4.36432	2.18832	-19.9265	9.40847	-20.5237	8.62457	4.4409	2.38835
-20.3625	8.61545	4.43023	2.12135	-20.21	8.68914	-20.3006	8.74206	4.48582	2.31358
-20.1618	8.74855	4.40773	2.13998	-20.2277	8.8532	-20.0753	8.85583	4.52884	2.23919
-19.9571	8.85677	4.42658	2.07447	-20.0633	8.86724	-19.848	8.96589	4.57001	2.16524
-19.7543	8.98186	4.40579	2.08777	-19.9264	8.78179	-19.6186	9.07227	4.60937	2.09179
-19.5271	9.05839	4.44922	1.97141	-19.4861	8.96665	-19.3873	9.17499	4.64694	2.01891
-19.2915	9.16216	4.49836	1.89733	-18.5719	10.2069	-19.1542	9.27409	4.68278	1.94666
-19.0144	9.24184	4.58547	1.77658	-18.6786	9.19191	-18.9193	9.36959	4.71692	1.8751
-18.7953	9.32905	4.60476	1.70198	-19.2825	8.98189	-18.6827	9.46154	4.7494	1.80429
-18.5456	9.42529	4.65172	1.63753	-18.4242	9.46852	-18.4446	9.54996	4.78028	1.73429
-18.2841	9.45409	4.74176	1.39944	-18.1634	8.72444	-18.2049	9.63492	4.80959	1.66514
-18.0089	9.56907	4.80554	1.37335	-17.7736	9.72478	-17.9639	9.71643	4.83737	1.59691
-17.7668	9.6541	4.81209	1.35245	-17.2296	9.97767	-17.7214	9.79457	4.86368	1.52964
-17.5002	9.75787	4.85945	1.32662	-17.3436	9.88109	-17.4777	9.86936	4.88856	1.46338
-17.2567	9.82808	4.88383	1.24935	-17.1554	10.212	-17.2328	9.94087	4.91205	1.39818
-16.9927	9.94843	4.92141	1.26923	-16.8876	10.145	-16.9868	10.0091	4.93421	1.33408
-16.7426	10.0086	4.94613	1.18374	-16.5958	10.1078	-16.7396	10.0743	4.95507	1.27113
-16.4945	10.1211	4.96282	1.20641	-16.5153	10.3091	-16.4915	10.1362	4.97469	1.20937
-16.2433	10.1819	4.98865	1.12237	-16.09	10.5824	-16.2424	10.1952	4.99311	1.14883
-15.9961	10.2241	5.00312	1.02404	-16.006	10.1843	-15.9924	10.2511	5.01039	1.08956
-15.7498	10.2864	5.00731	0.988673	-15.7234	10.41	-15.7416	10.3041	5.02655	1.03159
-15.5112	10.3001	5.00931	0.854678	-15.5699	10.1904	-15.4899	10.3543	5.04166	0.974957
-15.2289	10.3122	5.07192	0.656285	-14.2385	10.9109	-15.2376	10.4016	5.05576	0.919692
-14.9674	10.373	5.09289	0.621433	-14.9365	10.4722	-14.9846	10.4462	5.06889	0.865828
-14.7183	10.4118	5.07612	0.618843	-14.724	9.63507	-14.7309	10.4882	5.0811	0.813394
-14.4618	10.3921	5.08274	0.449123	-14.4088	10.222	-14.4766	10.5276	5.09243	0.762418
-14.2023	10.417	5.09197	0.383694	-13.9005	10.5238	-14.2218	10.5645	5.10293	0.712926
-13.9157	10.5529	5.13955	0.522591	-13.8049	10.9383	-13.9665	10.5989	5.11263	0.664944
-13.661	10.6129	5.12789	0.578794	-13.3956	10.7857	-13.7107	10.631	5.12159	0.618496
-13.4002	10.6215	5.13758	0.482687	-13.3556	10.5517	-13.4545	10.6608	5.12983	0.573603
-13.1392	10.6463	5.14771	0.422594	-12.9374	10.8137	-13.1979	10.6884	5.13741	0.530288
-12.8832	10.7409	5.15547	0.504136	-12.9591	11.0099	-12.9409	10.7138	5.14436	0.48857
-12.6217	10.7897	5.15908	0.517963	-12.2518	11.2495	-12.6836	10.7373	5.15071	0.448467
-12.3705	10.7689	5.15496	0.383574	-12.3713	10.6091	-12.426	10.7587	5.15651	0.409997
-12.1124	10.8078	5.15195	0.402861	-11.9352	10.9161	-12.1681	10.7783	5.16179	0.373177
-11.8613	10.8732	5.15167	0.443044	-11.9451	11.0515	-11.91	10.7961	5.16658	0.338022
-11.589	10.8923	5.16837	0.398646	-10.9703	10.9676	-11.6516	10.8121	5.17092	0.304546
-11.3474	10.914	5.15549	0.362877	-11.4548	10.9407	-11.393	10.8265	5.17484	0.272761
-11.0848	10.8485	5.17861	0.0377874	-11.3472	10.5111	-11.1342	10.8394	5.17836	0.242681
-10.7986	10.8204	5.19947	-0.0851796	-10.6009	10.6823	-10.8753	10.8509	5.18153	0.214317
-10.5419	10.8167	5.19537	-0.149058	-10.6563	10.8369	-10.6161	10.8609	5.18435	0.187679
-10.2993	10.8175	5.17884	-0.197123	-10.4142	10.8747	-10.3569	10.8697	5.18687	0.162776
-10.0449	10.8742	5.16879	-0.0377898	-9.90413	11.2255	-10.0976	10.8772	5.1891	0.139618
-9.78622	10.9177	5.17534	0.000411616	-9.83445	11.1032	-9.83809	10.8837	5.19106	0.118212
-9.54361	10.9061	5.15629	-0.0506414	-10.195	10.3498	-9.57852	10.8891	5.19278	0.0985664
-9.28484	10.9288	5.16054	-0.045962	-9.3066	11.0348	-9.31887	10.8936	5.19428	0.0806865
-9.03152	10.9145	5.15102	-0.0858374	-9.2226	10.3527	-9.05915	10.8972	5.19557	0.0645787
-8.77135	10.941	5.15746	-0.0673478	-8.78899	11.0707	-8.79937	10.9001	5.19667	0.050248
-8.52158	10.9049	5.14337	-0.15463	-8.83914	10.0319	-8.53953	10.9023	5.19759	0.0376992
-8.32465	10.8389	5.07283	-0.293864	-8.62045	10.6577	-8.27965	10.9039	5.19835	0.0269359
-8.06826	10.8551	5.07524	-0.241137	-7.91543	11.1157	-8.01974	10.905	5.19896	0.0179617
-7.76583	10.8816	5.12803	-0.207147	-7.51971	11.0005	-7.75979	10.9057	5.19942	0.0107791
-7.50253	10.8834	5.13115	-0.170671	-7.25987	10.6458	-7.49981	10.9061	5.19975	0.00539029
-7.23436	10.8657	5.1405	-0.212591	-7.15631	10.815	-7.23983	10.9063	5.19994	0.00179692
